70
49
85
3
13
80
66
78
41
19
83
99
2
54
20
15
98
31
4
22
26
72
99
38
58
25
88
66
15
30
100
95
82
30
42
49
91
12
30
43
43
92
19
35
53
39
89
76
34
70
77
60
3
77
8
98
50
48
46
89
92
1
64
12
19
88
18
72
12
72
24
87
1
62
79
35
54
64
85
19
36
12
32
46
54
41
92
5
22
44
99
44
67
42
52
42
28
7
17
65
22
18
65
63
46
90
59
42
99
74
44
87
63
27
54
80
70
19
59
78
97
13
50
68
73
80
21
60
10
37
7
47
47
20
97
18
48
69
100
64
83
50
7
49
1
13
81
40
89
73
73
10
49
40
69
9
69
97
90
67
69
100
32
62
68
97
40
44
31
36
32
1
20
95
96
48
7
2
68
61
99
82
71
38
64
98
99
8
52
88
50
52
80
34
95
83
18
45
81
4
73
38
10
54
42
73
91
55
44
22
3
67
29
29
68
88
29
95
98
71
99
32
92
43
86
80
22
87
100
13
30
62
21
65
89
62
73
18
97
92
8
44
64
31
86
84
23
51
66
8
55
24
48
11
5
42
46
68
68
62
52
4
55
32
92
41
47
65
41
6
16
11
99
6
63
56
68
62
57
3
58
71
21
92
59
6
14
10
61
48
16
5
50
36
41
4
89
33
39
45
38
59
10
61
93
44
25
42
48
50
74
85
11
66
4
81
84
64
73
86
27
37
4
94
91
11
61
64
66
60
67
35
24
12
66
99
61
61
100
15
82
72
63
12
74
31
95
85
32
60
20
26
61
53
19
1
55
17
70
82
84
62
77
88
83
39
61
99
1
6
20
24
64
59
5
55
74
93
20
60
17
77
33
7
41
41
75
72
94
65
44
45
91
18
32
20
96
75
29
35
71
96
84
26
40
97
62
2
48
64
28
63
97
10
66
7
30
70
48
42
65
90
5
37
62
76
33
47
28
86
59
100
65
86
90
21
93
7
67
44
80
74
24
31
38
82
48
82
52
25
90
27
27
87
71
81
91
48
64
64
64
16
74
62
5
28
98
12
21
46
14
24
3
5
63
91
67
75
100
81
28
52
95
4
96
33
73
78
15
10
30
46
43
3
80
64
100
62
26
10
84
37
61
7
11
67
24
23
24
81
14
17
49
84
37
13
22
71
67
72
55
20
98
11
17
69
81
100
25
100
91
5
49
90
98
92
91
89
93
29
10
51
55
35
96
14
98
60
67
68
42
30
96
55
55
64
40
51
90
43
87
24
99
24
90
10
68
59
86
46
22
34
79
38
63
5
66
63
15
3
71
21
34
57
58
62
10
95
35
34
52
41
99
50
43
86
53
31
45
87
46
39
74
22
46
9
52
58
92
51
98
77
36
88
72
66
91
42
67
28
1
74
25
52
94
82
35
29
96
77
52
36
18
29
58
33
47
12
11
50
11
52
3
85
37
76
5
12
79
77
96
11
65
18
87
73
15
23
28
65
74
23
63
15
99
63
59
8
31
40
20
79
32
18
18
50
71
40
16
19
77
24
51
20
82
42
71
1
43
85
19
25
85
47
76
88
89
89
86
74
17
98
81
40
57
17
80
47
1
38
3
75
7
10
88
51
73
43
33
58
92
59
66
46
21
95
95
85
43
30
61
82
55
43
3
80
43
12
63
66
62
25
1
5
82
45
19
76
59
25
16
47
56
28
82
59
33
35
19
62
23
96
5
71
78
21
20
64
7
9
8
62
81
68
97
68
58
61
65
76
77
20
26
18
15
14
27
27
61
44
48
8
93
1
43
67
20
30
28
61
25
55
69
51
18
54
67
88
32
14
1
73
71
43
85
4
70
88
57
64
94
93
3
64
62
100
69
80
26
30
49
28
33
4
52
23
51
76
100
61
48
40
96
48
44
75
38
51
16
40
98
32
74
65
68
33
52
6
90
18
86
88
63
2
66
73
40
68
92
63
53
94
88
96
16
55
98
56
20
87
63
19
64
86
33
17
55
68
37
19
72
46
86
83
76
61
78
95
82
71
35
70
59
54
88
4
44
78
50
13
35
96
86
4
56
67
24
77
69
49
19
73
32
73
91
7
9
6
20
55
78
4
74
50
52
93
61
10
99
30
73
77
18
24
84
77
61
83
27
10
37
1
26
34
52
63
39
86
64
81
95
39
58
95
36
32
22
36
53
63
7
15
79
40
76
42
55
8
89
15
46
27
79
11
18
77
78
41
99
89
55
75
47
18
35
35
19
24
89
53
